"","mu2","mu5","mu6","mu7","mu8","mu10","gamma2","gamma5","gamma6","gamma7","gamma8","gamma10","f2","f5","f6","f7","f8","f10","grow"
"mu2",0.00153428660242444,0.000618290280411616,0.000594293595257043,-0.000580140818764309,-0.00436804765101363,0.000122583782433687,0.00135969281806299,-0.00232459732503114,0.000736419716418353,0.00421239756441436,-3.38654164249143e-05,-0.00053106681218988,-0.00049292291587413,-4.22116347272185e-05,-2.6138006478546e-05,0.000257289603884209,-0.00082957812955164,0.000141524654872735,0.000525928291673141
"mu5",0.000618290280411616,0.00212271039282118,0.000473151722602119,-0.000558645133281194,0.00018815152071035,0.000596113385696618,0.00159463836561174,-0.00404667394969084,0.00179717666094943,0.00370714179095987,0.000247948959615522,0.000844953872888014,0.000208849332189706,-0.000168949111141395,-0.000403568080718166,-0.000144444957604027,-0.00100300672771324,0.000313862910506703,0.00127278981865461
"mu6",0.000594293595257043,0.000473151722602119,0.0202897670721251,-0.00289660389827667,-0.0207748034345753,-0.00984324665801789,-0.0113909536340544,-0.0140666756908635,-0.000493822376397572,-0.0039641746432311,0.018366128934411,-0.0159477745844739,0.00219026265895722,-0.0046419485349373,-0.000443585001218,0.00448128916544341,-0.00363220925283321,-0.00160264785414415,9.06374468464662e-05
"mu7",-0.000580140818764309,-0.000558645133281194,-0.00289660389827667,0.0062273384080121,-0.0121652338363918,0.0028736214597061,-0.00302628398965131,0.0095854609841313,-0.0177117023592034,-0.00975204062432805,0.00743773960713995,-0.00987517722682369,0.000335333373516377,0.000417442933020307,0.00117645859217592,-0.00169415882808949,0.00279068706532884,-0.00341938672893339,-0.0117039133970153
"mu8",-0.00436804765101363,0.00018815152071035,-0.0207748034345753,-0.0121652338363918,0.293331723165861,-0.00123543570819871,0.0779172823130142,-0.0533555283254,0.140017218972973,0.0418028344787613,-0.200965905945471,0.168623182650536,0.0116409022857754,0.00541946214520201,-0.00320345450058391,-0.00557305302935302,-0.0119003568991232,0.0291094014701924,0.0892158949724521
"mu10",0.000122583782433687,0.000596113385696618,-0.00984324665801789,0.0028736214597061,-0.00123543570819871,0.0190714929354044,0.00974827948241075,-0.00522366649999292,-0.0160294068681226,0.00026014357427472,-0.00584577237632573,-0.00709945478296479,-0.000610328044004777,0.00154787506285782,0.00138526722643927,-0.00494483249855418,0.00332334707124199,-0.00167223700054151,-0.0158041802191614
"gamma2",0.00135969281806299,0.00159463836561174,-0.0113909536340544,-0.00302628398965131,0.0779172823130142,0.00974827948241075,0.0978460930486107,-0.0204244748182634,0.0536455348994209,0.0272992662311061,-0.132305728100435,0.0548779207846835,0.000571230356726766,-0.000686366600457959,0.0032878100931939,-0.00267398660368989,-0.00226710307126477,0.00200305256372778,0.00684415364625301
"gamma5",-0.00232459732503114,-0.00404667394969084,-0.0140666756908635,0.0095854609841313,-0.0533555283254,-0.00522366649999292,-0.0204244748182634,0.0948717628113155,-0.046887727627116,-0.0284537166874615,0.039324215006667,-0.0195660209218438,-0.00121671919501609,0.00106639443696766,0.00160652717370881,-0.00174524762246753,0.0166089991727619,-0.0105635936028585,-0.0225670538011542
"gamma6",0.000736419716418353,0.00179717666094943,-0.000493822376397572,-0.0177117023592034,0.140017218972973,-0.0160294068681226,0.0536455348994209,-0.046887727627116,0.182850738589438,0.0531405653749173,-0.0995690479915928,0.122866165306681,0.00220232914925138,-0.00293562912300037,-0.0031332102030183,0.0116243130225804,-0.0248491128495598,0.0273075825533439,0.100705623540059
"gamma7",0.00421239756441436,0.00370714179095987,-0.0039641746432311,-0.00975204062432805,0.0418028344787613,0.00026014357427472,0.0272992662311061,-0.0284537166874615,0.0531405653749173,0.0499736726539364,-0.04202992107599,0.0404319605261209,-0.00356996119495031,0.00417440730269758,-0.000198645394454384,0.000635161248314178,-0.00971230053947082,0.0101049266126594,0.0304824267156176
"gamma8",-3.38654164249143e-05,0.000247948959615522,0.018366128934411,0.00743773960713995,-0.200965905945471,-0.00584577237632573,-0.132305728100435,0.039324215006667,-0.0995690479915928,-0.04202992107599,0.252276428774639,-0.127159459828364,-0.00270452249966887,-0.00222388368348248,-0.00301984878247237,0.00485600366394894,0.00420671288784475,-0.0113371102332379,-0.0392413767963715
"gamma10",-0.00053106681218988,0.000844953872888014,-0.0159477745844739,-0.00987517722682369,0.168623182650536,-0.00709945478296479,0.0548779207846835,-0.0195660209218438,0.122866165306681,0.0404319605261209,-0.127159459828364,0.132309390517437,0.00398431392340557,0.0030155209545,-0.00393869704880594,0.000750981201285494,-0.00957369514599802,0.022185990996516,0.078928465701949
"f2",-0.00049292291587413,0.000208849332189706,0.00219026265895722,0.000335333373516377,0.0116409022857754,-0.000610328044004777,0.000571230356726766,-0.00121671919501609,0.00220232914925138,-0.00356996119495031,-0.00270452249966887,0.00398431392340557,0.00512350564084585,-0.00150451454189948,-0.000970125365805739,-0.00168527317819263,-0.000383001707384076,-0.000141294483618714,0.00251794107551612
"f5",-4.22116347272185e-05,-0.000168949111141395,-0.0046419485349373,0.000417442933020307,0.00541946214520201,0.00154787506285782,-0.000686366600457959,0.00106639443696766,-0.00293562912300037,0.00417440730269758,-0.00222388368348248,0.0030155209545,-0.00150451454189948,0.00403460717106838,0.000181091870739713,-0.00182218814839033,0.000430591845609817,0.000830566229285368,0.00103073694474473
"f6",-2.6138006478546e-05,-0.000403568080718166,-0.000443585001218,0.00117645859217592,-0.00320345450058391,0.00138526722643927,0.0032878100931939,0.00160652717370881,-0.0031332102030183,-0.000198645394454384,-0.00301984878247237,-0.00393869704880594,-0.000970125365805739,0.000181091870739713,0.00237380485054948,-2.5271994093247e-05,0.000594628641080651,-0.00117292317709988,-0.00581049779420286
"f7",0.000257289603884209,-0.000144444957604027,0.00448128916544341,-0.00169415882808949,-0.00557305302935302,-0.00494483249855418,-0.00267398660368989,-0.00174524762246753,0.0116243130225804,0.000635161248314178,0.00485600366394894,0.000750981201285494,-0.00168527317819263,-0.00182218814839033,-2.5271994093247e-05,0.00579729010518523,-0.00299181371415288,0.00112743589743605,0.00558485545642594
"f8",-0.00082957812955164,-0.00100300672771324,-0.00363220925283321,0.00279068706532884,-0.0119003568991232,0.00332334707124199,-0.00226710307126477,0.0166089991727619,-0.0248491128495598,-0.00971230053947082,0.00420671288784475,-0.00957369514599802,-0.000383001707384076,0.000430591845609817,0.000594628641080651,-0.00299181371415288,0.00827669923271292,-0.0034950650936356,-0.0133056163483045
"f10",0.000141524654872735,0.000313862910506703,-0.00160264785414415,-0.00341938672893339,0.0291094014701924,-0.00167223700054151,0.00200305256372778,-0.0105635936028585,0.0273075825533439,0.0101049266126594,-0.0113371102332379,0.022185990996516,-0.000141294483618714,0.000830566229285368,-0.00117292317709988,0.00112743589743605,-0.0034950650936356,0.00844707139455067,0.0195140286658086
"grow",0.000525928291673141,0.00127278981865461,9.06374468464662e-05,-0.0117039133970153,0.0892158949724521,-0.0158041802191614,0.00684415364625301,-0.0225670538011542,0.100705623540059,0.0304824267156176,-0.0392413767963715,0.078928465701949,0.00251794107551612,0.00103073694474473,-0.00581049779420286,0.00558485545642594,-0.0133056163483045,0.0195140286658086,0.0751835805661922
